-- HYPERPARAMS:
TimeStamp: 20240624224021
Model: ComplEx-T
learning_rate: 0.01
out_channels: 15
Epoch: 100

Weight_decay: 5e-05

Dropout: 0.1

-- RESULTS:
Loss: 0.6153841614723206
Accuracy: 0.69571
Precision: 0.8823811426288454
Recall: 0.276075
F1 Score: 0.42056555269922885
MRR: 0.00024373717315029353
