-- HYPERPARAMS:
TimeStamp: 20240623180220
Model: ComplEx-T
learning_rate: 0.0001
out_channels: 15
Epoch: 50

Weight_decay: 5e-05

Dropout: 0.1

-- RESULTS:
Loss: 0.9145796298980713
Accuracy: 0.5519525
Precision: 0.09799777080915008
Recall: 0.424225
F1 Score: 0.15921597695595263
MRR: 6.669807771686465e-05
