-- HYPERPARAMS:
TimeStamp: 20240624221655
Model: ComplEx-T
learning_rate: 0.01
out_channels: 15
Epoch: 100

Weight_decay: 5e-05

Dropout: 0.1

-- RESULTS:
Loss: 0.6193535923957825
Accuracy: 0.69691
Precision: 0.8823482995344433
Recall: 0.27955
F1 Score: 0.4245818540808384
MRR: 0.00022908454411663115
