-- HYPERPARAMS:
TimeStamp: 20240624223646
Model: ComplEx-T
learning_rate: 0.01
out_channels: 15
Epoch: 100

Weight_decay: 5e-05

Dropout: 0.1

-- RESULTS:
Loss: 0.6134827136993408
Accuracy: 0.69641
Precision: 0.8835229532977962
Recall: 0.277625
F1 Score: 0.4224923433962982
MRR: 0.000246042589424178
