-- HYPERPARAMS:
TimeStamp: 20240625142552
Model: ComplEx-T
learning_rate: 0.01
out_channels: 20
Epoch: 100

Weight_decay: 5e-05

Dropout: 0.1

-- RESULTS:
Loss: 0.6021407842636108
Accuracy: 0.88015
Precision: 0.8431612729366227
Recall: 0.860425
F1 Score: 0.8517056632722504
MRR: 0.0002474811626598239
ROC-AUC: 0.8768625
