-- HYPERPARAMS:
TimeStamp: 20240624104813
Model: ComplEx-T
learning_rate: 0.01
out_channels: 15
Epoch: 50

Weight_decay: 5e-05

Dropout: 0.1

-- RESULTS:
Loss: 0.5575152635574341
Accuracy: 0.827055
Precision: 0.7433222412087418
Recall: 0.206625
F1 Score: 0.3233631330816331
MRR: 0.00023343891371041536
