-- HYPERPARAMS:
TimeStamp: 20240624223931
Model: ComplEx-T
learning_rate: 0.01
out_channels: 15
Epoch: 100

Weight_decay: 5e-05

Dropout: 0.1

-- RESULTS:
Loss: 0.619865894317627
Accuracy: 0.69702
Precision: 0.8810683424980361
Recall: 0.2804
F1 Score: 0.4254124786648966
MRR: 0.00023857264022808522
