-- HYPERPARAMS:
TimeStamp: 20240624223714
Model: ComplEx-T
learning_rate: 0.01
out_channels: 15
Epoch: 100

Weight_decay: 5e-05

Dropout: 0.1

-- RESULTS:
Loss: 0.6169812083244324
Accuracy: 0.69733
Precision: 0.8845515606479653
Recall: 0.27985
F1 Score: 0.4251827936568227
MRR: 0.00024274917086586356
