-- HYPERPARAMS:
TimeStamp: 20240623175933
Model: ComplEx-T
learning_rate: 0.0001
out_channels: 15
Epoch: 50

Weight_decay: 5e-05

Dropout: 0.1

-- RESULTS:
Loss: 0.9146096706390381
Accuracy: 0.553015
Precision: 0.09812721502860716
Recall: 0.423625
F1 Score: 0.15934437945496605
MRR: 3.0099517971393652e-05
