-- HYPERPARAMS:
TimeStamp: 20240624104127
Model: ComplEx-T
learning_rate: 0.01
out_channels: 15
Epoch: 50

Weight_decay: 5e-05

Dropout: 0.1

-- RESULTS:
Loss: 0.5580984950065613
Accuracy: 0.82682
Precision: 0.7400644468313641
Recall: 0.2067
F1 Score: 0.32314547017900414
MRR: 0.00023600425629410893
