-- HYPERPARAMS:
TimeStamp: 20240624104553
Model: ComplEx-T
learning_rate: 0.01
out_channels: 15
Epoch: 50

Weight_decay: 5e-05

Dropout: 0.1

-- RESULTS:
Loss: 0.5621236562728882
Accuracy: 0.82648
Precision: 0.7343362831858407
Recall: 0.20745
F1 Score: 0.3235087719298245
MRR: 0.00021626526722684503
