-- HYPERPARAMS:
TimeStamp: 20240624224212
Model: ComplEx-T
learning_rate: 0.01
out_channels: 15
Epoch: 100

Weight_decay: 5e-05

Dropout: 0.1

-- RESULTS:
Loss: 0.6094352602958679
Accuracy: 0.69674
Precision: 0.886156793868753
Recall: 0.2775
F1 Score: 0.42264783155008956
MRR: 0.0002519061672501266
