-- HYPERPARAMS:
TimeStamp: 20240625153120
Model: ComplEx-T
learning_rate: 0.01
out_channels: 20
Epoch: 100

Weight_decay: 5e-05

Dropout: 0.1

-- RESULTS:
Loss: 0.6024081110954285
Accuracy: 0.87951
Precision: 0.843504977264348
Recall: 0.85795
F1 Score: 0.8506661709115697
MRR: 0.00023094283824320883
ROC-AUC: 0.8759166666666667
