-- HYPERPARAMS:
TimeStamp: 20240624224152
Model: ComplEx-T
learning_rate: 0.01
out_channels: 15
Epoch: 100

Weight_decay: 5e-05

Dropout: 0.1

-- RESULTS:
Loss: 0.6336585283279419
Accuracy: 0.69544
Precision: 0.8813938618925832
Recall: 0.2757
F1 Score: 0.42001828153564896
MRR: 0.00023339329345617443
