-- HYPERPARAMS:
TimeStamp: 20240624104751
Model: ComplEx-T
learning_rate: 0.01
out_channels: 15
Epoch: 50

Weight_decay: 5e-05

Dropout: 0.1

-- RESULTS:
Loss: 0.5577634572982788
Accuracy: 0.826465
Precision: 0.7361892012494422
Recall: 0.206225
F1 Score: 0.3221950981349478
MRR: 0.00021752734028268605
