-- HYPERPARAMS:
TimeStamp: 20240624224111
Model: ComplEx-T
learning_rate: 0.01
out_channels: 15
Epoch: 100

Weight_decay: 5e-05

Dropout: 0.1

-- RESULTS:
Loss: 0.6205609440803528
Accuracy: 0.6958
Precision: 0.8797970187123375
Recall: 0.2774
F1 Score: 0.42180491142705084
MRR: 0.00022790675575379282
