-- HYPERPARAMS:
TimeStamp: 20240624223504
Model: ComplEx-T
learning_rate: 0.01
out_channels: 15
Epoch: 100

Weight_decay: 5e-05

Dropout: 0.1

-- RESULTS:
Loss: 0.6231600046157837
Accuracy: 0.69567
Precision: 0.8812465131107038
Recall: 0.276425
F1 Score: 0.42084229356576014
MRR: 0.00023571930069010705
