-- HYPERPARAMS:
TimeStamp: 20240624104520
Model: ComplEx-T
learning_rate: 0.01
out_channels: 15
Epoch: 50

Weight_decay: 5e-05

Dropout: 0.1

-- RESULTS:
Loss: 0.5614852905273438
Accuracy: 0.8271
Precision: 0.7406749555950266
Recall: 0.2085
F1 Score: 0.3253999219664455
MRR: 0.00020898942602798343
