-- HYPERPARAMS:
TimeStamp: 20240625153023
Model: ComplEx-T
learning_rate: 0.01
out_channels: 20
Epoch: 100

Weight_decay: 5e-05

Dropout: 0.1

-- RESULTS:
Loss: 0.6011608839035034
Accuracy: 0.88186
Precision: 0.8461122844933444
Recall: 0.8613
F1 Score: 0.8536385936222404
MRR: 0.00022950513812247664
ROC-AUC: 0.8784333333333333
