-- HYPERPARAMS:
TimeStamp: 20240624223930
Model: ComplEx-T+W
learning_rate: 0.01
out_channels: 15
Epoch: 100

Weight_decay: 5e-05

Dropout: 0.1

-- RESULTS:
Loss: 0.6119182705879211
Accuracy: 0.69313
Precision: 0.8848029088505083
Recall: 0.267675
F1 Score: 0.4110093856163989
MRR: 0.00022260604600887746
