-- HYPERPARAMS:
TimeStamp: 20240624033428
Model: ComplEx-T+W
learning_rate: 0.01
out_channels: 15
Epoch: 50

Weight_decay: 5e-05

Dropout: 0.1

-- RESULTS:
Loss: 0.5627915859222412
Accuracy: 0.818225
Precision: 0.7244734573223304
Recall: 0.14705
F1 Score: 0.24447723352521872
MRR: 0.0002177852438762784
