-- HYPERPARAMS:
TimeStamp: 20240624104521
Model: ComplEx-T+W
learning_rate: 0.01
out_channels: 15
Epoch: 50

Weight_decay: 5e-05

Dropout: 0.1

-- RESULTS:
Loss: 0.5628625154495239
Accuracy: 0.81794
Precision: 0.7210993344836085
Recall: 0.146275
F1 Score: 0.24321403333749014
MRR: 0.0002182632015319541
