-- HYPERPARAMS:
TimeStamp: 20240624223631
Model: ComplEx-T+W
learning_rate: 0.01
out_channels: 15
Epoch: 100

Weight_decay: 5e-05

Dropout: 0.1

-- RESULTS:
Loss: 0.6198365688323975
Accuracy: 0.6938
Precision: 0.888631090487239
Recall: 0.2681
F1 Score: 0.41192287009295536
MRR: 0.00024197270977310836
