-- HYPERPARAMS:
TimeStamp: 20240624104815
Model: ComplEx-T+W
learning_rate: 0.01
out_channels: 15
Epoch: 50

Weight_decay: 5e-05

Dropout: 0.1

-- RESULTS:
Loss: 0.5645400285720825
Accuracy: 0.818955
Precision: 0.7349696293541589
Recall: 0.148225
F1 Score: 0.2466973183265026
MRR: 0.00018746500427369028
