-- HYPERPARAMS:
TimeStamp: 20240624224131
Model: ComplEx-T+W
learning_rate: 0.01
out_channels: 15
Epoch: 100

Weight_decay: 5e-05

Dropout: 0.1

-- RESULTS:
Loss: 0.6157563924789429
Accuracy: 0.69324
Precision: 0.8882411725516323
Recall: 0.26665
F1 Score: 0.4101676665128442
MRR: 0.00022617190552409738
