-- HYPERPARAMS:
TimeStamp: 20240624104231
Model: ComplEx-T+W
learning_rate: 0.01
out_channels: 15
Epoch: 50

Weight_decay: 5e-05

Dropout: 0.1

-- RESULTS:
Loss: 0.5654571056365967
Accuracy: 0.81749
Precision: 0.7195030120481928
Recall: 0.143325
F1 Score: 0.23903435623749167
MRR: 0.00021526572527363896
