-- HYPERPARAMS:
TimeStamp: 20240624224008
Model: ComplEx-T+W
learning_rate: 0.01
out_channels: 15
Epoch: 100

Weight_decay: 5e-05

Dropout: 0.1

-- RESULTS:
Loss: 0.6142049431800842
Accuracy: 0.69438
Precision: 0.891683266932271
Recall: 0.268575
F1 Score: 0.41281125115278205
MRR: 0.00025920860935002565
