-- HYPERPARAMS:
TimeStamp: 20240624223645
Model: ComplEx-T+W
learning_rate: 0.01
out_channels: 15
Epoch: 100

Weight_decay: 5e-05

Dropout: 0.1

-- RESULTS:
Loss: 0.6151525974273682
Accuracy: 0.69329
Precision: 0.8882230545151893
Recall: 0.2668
F1 Score: 0.410343170239354
MRR: 0.0002355279866605997
