-- HYPERPARAMS:
TimeStamp: 20240624224020
Model: ComplEx-T+W
learning_rate: 0.01
out_channels: 15
Epoch: 100

Weight_decay: 5e-05

Dropout: 0.1

-- RESULTS:
Loss: 0.6088484525680542
Accuracy: 0.69363
Precision: 0.8922496857980728
Recall: 0.266225
F1 Score: 0.4100895349956677
MRR: 0.00025183838442899287
