-- HYPERPARAMS:
TimeStamp: 20240624224211
Model: ComplEx-T+W
learning_rate: 0.01
out_channels: 15
Epoch: 100

Weight_decay: 5e-05

Dropout: 0.1

-- RESULTS:
Loss: 0.6132916212081909
Accuracy: 0.69338
Precision: 0.8858039993389523
Recall: 0.268
F1 Score: 0.41150051821427197
MRR: 0.0002505338052287698
