-- HYPERPARAMS:
TimeStamp: 20240623180322
Model: ComplEx-T+W
learning_rate: 0.0001
out_channels: 15
Epoch: 50

Weight_decay: 5e-05

Dropout: 0.1

-- RESULTS:
Loss: 0.9212785959243774
Accuracy: 0.537025
Precision: 0.10532038666043254
Recall: 0.4843
F1 Score: 0.17301526342583082
MRR: 3.63660255970899e-05
