-- HYPERPARAMS:
TimeStamp: 20240624104752
Model: ComplEx-T+W
learning_rate: 0.01
out_channels: 15
Epoch: 50

Weight_decay: 5e-05

Dropout: 0.1

-- RESULTS:
Loss: 0.5626721978187561
Accuracy: 0.81815
Precision: 0.7263092269326683
Recall: 0.145625
F1 Score: 0.24260724698042482
MRR: 0.00021014561934862286
