-- HYPERPARAMS:
TimeStamp: 20240624221725
Model: ComplEx-T+W
learning_rate: 0.01
out_channels: 15
Epoch: 100

Weight_decay: 5e-05

Dropout: 0.1

-- RESULTS:
Loss: 0.6212471723556519
Accuracy: 0.69369
Precision: 0.8887874512407669
Recall: 0.267725
F1 Score: 0.41149685872927433
MRR: 0.00023732977570034564
