-- HYPERPARAMS:
TimeStamp: 20240624223712
Model: ComplEx-T+W
learning_rate: 0.01
out_channels: 15
Epoch: 100

Weight_decay: 5e-05

Dropout: 0.1

-- RESULTS:
Loss: 0.6141985058784485
Accuracy: 0.69157
Precision: 0.8871881606765327
Recall: 0.262275
F1 Score: 0.40486251808972507
MRR: 0.00023501296527683735
