-- HYPERPARAMS:
TimeStamp: 20240623180019
Model: ComplEx-T+W
learning_rate: 0.0001
out_channels: 15
Epoch: 50

Weight_decay: 5e-05

Dropout: 0.1

-- RESULTS:
Loss: 0.9213231801986694
Accuracy: 0.536545
Precision: 0.10507758171070931
Recall: 0.483525
F1 Score: 0.17263817480719792
MRR: 3.771292540477589e-05
