-- HYPERPARAMS:
TimeStamp: 20240624223836
Model: ComplEx-T+W
learning_rate: 0.01
out_channels: 15
Epoch: 100

Weight_decay: 5e-05

Dropout: 0.1

-- RESULTS:
Loss: 0.6158487200737
Accuracy: 0.69349
Precision: 0.890811805033024
Recall: 0.266375
F1 Score: 0.41011527876676734
MRR: 0.00025364485918544233
