-- HYPERPARAMS:
TimeStamp: 20240624104554
Model: ComplEx-T+W
learning_rate: 0.01
out_channels: 15
Epoch: 50

Weight_decay: 5e-05

Dropout: 0.1

-- RESULTS:
Loss: 0.5624203681945801
Accuracy: 0.81827
Precision: 0.724116781157998
Recall: 0.147575
F1 Score: 0.2451819239076259
MRR: 0.00022416551655624062
