-- HYPERPARAMS:
TimeStamp: 20240624104206
Model: ComplEx-T+W
learning_rate: 0.01
out_channels: 15
Epoch: 50

Weight_decay: 5e-05

Dropout: 0.1

-- RESULTS:
Loss: 0.5596281290054321
Accuracy: 0.81874
Precision: 0.7314723320158103
Recall: 0.14805
F1 Score: 0.2462574850299401
MRR: 0.000207760589546524
