-- HYPERPARAMS:
TimeStamp: 20240624104300
Model: ComplEx-T+W
learning_rate: 0.01
out_channels: 15
Epoch: 50

Weight_decay: 5e-05

Dropout: 0.1

-- RESULTS:
Loss: 0.5650421380996704
Accuracy: 0.81845
Precision: 0.7320171026156942
Recall: 0.145525
F1 Score: 0.2427844511177844
MRR: 0.00021318605286069214
