-- HYPERPARAMS:
TimeStamp: 20240624224151
Model: ComplEx-T+W
learning_rate: 0.01
out_channels: 15
Epoch: 100

Weight_decay: 5e-05

Dropout: 0.1

-- RESULTS:
Loss: 0.6094722747802734
Accuracy: 0.69376
Precision: 0.8882080158993044
Recall: 0.26815
F1 Score: 0.4119364006452108
MRR: 0.00025548681151121855
