-- HYPERPARAMS:
TimeStamp: 20240625153340
Model: ComplEx-T+W
learning_rate: 0.01
out_channels: 20
Epoch: 100

Weight_decay: 5e-05

Dropout: 0.1

-- RESULTS:
Loss: 0.6032817363739014
Accuracy: 0.88025
Precision: 0.8495696644630161
Recall: 0.851375
F1 Score: 0.8504713741649499
MRR: 0.0002530313213355839
ROC-AUC: 0.8754375
