-- HYPERPARAMS:
TimeStamp: 20240624223947
Model: ComplEx-T+W
learning_rate: 0.01
out_channels: 15
Epoch: 100

Weight_decay: 5e-05

Dropout: 0.1

-- RESULTS:
Loss: 0.6091791987419128
Accuracy: 0.69427
Precision: 0.8908698897089311
Recall: 0.268575
F1 Score: 0.41272402466432323
MRR: 0.00024355377536267042
