-- HYPERPARAMS:
TimeStamp: 20240624223823
Model: ComplEx-T+W
learning_rate: 0.01
out_channels: 15
Epoch: 100

Weight_decay: 5e-05

Dropout: 0.1

-- RESULTS:
Loss: 0.6220412254333496
Accuracy: 0.69309
Precision: 0.8925529223243653
Recall: 0.264575
F1 Score: 0.408160904024529
MRR: 0.00022240797989070415
