-- HYPERPARAMS:
TimeStamp: 20240624224150
Model: ComplEx
learning_rate: 0.01
out_channels: 15
Epoch: 100

Weight_decay: 5e-05

Dropout: 0.1

-- RESULTS:
Loss: 0.4527036249637604
Accuracy: 0.75728
Precision: 0.8485506604024466
Recall: 0.478625
F1 Score: 0.6120328633995077
MRR: 0.00023768913524691015
