-- HYPERPARAMS:
TimeStamp: 20240624223754
Model: ComplEx
learning_rate: 0.01
out_channels: 15
Epoch: 100

Weight_decay: 5e-05

Dropout: 0.1

-- RESULTS:
Loss: 0.45490044355392456
Accuracy: 0.75876
Precision: 0.8514566545647746
Recall: 0.480775
F1 Score: 0.6145463841753747
MRR: 0.00022858119336888194
