-- HYPERPARAMS:
TimeStamp: 20240624224108
Model: ComplEx
learning_rate: 0.01
out_channels: 15
Epoch: 100

Weight_decay: 5e-05

Dropout: 0.1

-- RESULTS:
Loss: 0.45817652344703674
Accuracy: 0.757
Precision: 0.8484861937316879
Recall: 0.477825
F1 Score: 0.6113616735438058
MRR: 0.00023734163551125675
