-- HYPERPARAMS:
TimeStamp: 20240624223945
Model: ComplEx
learning_rate: 0.01
out_channels: 15
Epoch: 100

Weight_decay: 5e-05

Dropout: 0.1

-- RESULTS:
Loss: 0.47230398654937744
Accuracy: 0.75539
Precision: 0.8457875294850683
Recall: 0.4751
F1 Score: 0.6084297811714611
MRR: 0.00022612957400269806
