-- HYPERPARAMS:
TimeStamp: 20240624224019
Model: ComplEx
learning_rate: 0.01
out_channels: 15
Epoch: 100

Weight_decay: 5e-05

Dropout: 0.1

-- RESULTS:
Loss: 0.46312546730041504
Accuracy: 0.75556
Precision: 0.8466131907308377
Recall: 0.47495
F1 Score: 0.6085201793721974
MRR: 0.00022163023822940886
