-- HYPERPARAMS:
TimeStamp: 20240624104226
Model: ComplEx
learning_rate: 0.01
out_channels: 15
Epoch: 50

Weight_decay: 5e-05

Dropout: 0.1

-- RESULTS:
Loss: 0.4122283458709717
Accuracy: 0.837375
Precision: 0.7339300244100895
Recall: 0.29315
F1 Score: 0.41895778623363167
MRR: 0.00021112809190526605
