-- HYPERPARAMS:
TimeStamp: 20240624224006
Model: ComplEx
learning_rate: 0.01
out_channels: 15
Epoch: 100

Weight_decay: 5e-05

Dropout: 0.1

-- RESULTS:
Loss: 0.4551009237766266
Accuracy: 0.75674
Precision: 0.846861998760733
Recall: 0.47835
F1 Score: 0.6113685017733329
MRR: 0.0002351103612454608
