-- HYPERPARAMS:
TimeStamp: 20240624033417
Model: ComplEx
learning_rate: 0.01
out_channels: 15
Epoch: 50

Weight_decay: 5e-05

Dropout: 0.1

-- RESULTS:
Loss: 0.40560758113861084
Accuracy: 0.83766
Precision: 0.7335648722401389
Recall: 0.2957
F1 Score: 0.42149526049461905
MRR: 0.00020803985535167158
