-- HYPERPARAMS:
TimeStamp: 20240624223807
Model: ComplEx
learning_rate: 0.01
out_channels: 15
Epoch: 100

Weight_decay: 5e-05

Dropout: 0.1

-- RESULTS:
Loss: 0.4549655020236969
Accuracy: 0.75519
Precision: 0.845804180221935
Recall: 0.474475
F1 Score: 0.6079213312192701
MRR: 0.00023614164092577994
