-- HYPERPARAMS:
TimeStamp: 20240624104256
Model: ComplEx
learning_rate: 0.01
out_channels: 15
Epoch: 50

Weight_decay: 5e-05

Dropout: 0.1

-- RESULTS:
Loss: 0.41134995222091675
Accuracy: 0.83598
Precision: 0.7245381927109336
Recall: 0.29025
F1 Score: 0.414465229187491
MRR: 0.00021370453760027885
