-- HYPERPARAMS:
TimeStamp: 20240624223711
Model: ComplEx
learning_rate: 0.01
out_channels: 15
Epoch: 100

Weight_decay: 5e-05

Dropout: 0.1

-- RESULTS:
Loss: 0.45995575189590454
Accuracy: 0.75808
Precision: 0.8502304147465438
Recall: 0.4797
F1 Score: 0.613348676639816
MRR: 0.00021604787616524845
