-- HYPERPARAMS:
TimeStamp: 20240624104812
Model: ComplEx
learning_rate: 0.01
out_channels: 15
Epoch: 50

Weight_decay: 5e-05

Dropout: 0.1

-- RESULTS:
Loss: 0.40998756885528564
Accuracy: 0.837355
Precision: 0.7294956072986423
Recall: 0.29685
F1 Score: 0.42198411429180654
MRR: 0.00020778231555595994
