-- HYPERPARAMS:
TimeStamp: 20240624104553
Model: ComplEx
learning_rate: 0.01
out_channels: 15
Epoch: 50

Weight_decay: 5e-05

Dropout: 0.1

-- RESULTS:
Loss: 0.5136275291442871
Accuracy: 0.837005
Precision: 0.728807271378223
Recall: 0.294675
F1 Score: 0.41966781193811975
MRR: 0.00020459106599446386
