-- HYPERPARAMS:
TimeStamp: 20240624224210
Model: ComplEx
learning_rate: 0.01
out_channels: 15
Epoch: 100

Weight_decay: 5e-05

Dropout: 0.1

-- RESULTS:
Loss: 0.46324580907821655
Accuracy: 0.75983
Precision: 0.8497221128178198
Recall: 0.485425
F1 Score: 0.6178740195064518
MRR: 0.00023519260867033154
