-- HYPERPARAMS:
TimeStamp: 20240624223644
Model: ComplEx
learning_rate: 0.01
out_channels: 15
Epoch: 100

Weight_decay: 5e-05

Dropout: 0.1

-- RESULTS:
Loss: 0.46469029784202576
Accuracy: 0.75525
Precision: 0.8444335980831521
Recall: 0.475775
F1 Score: 0.6086316900394966
MRR: 0.00023244792828336358
