-- HYPERPARAMS:
TimeStamp: 20240624104751
Model: ComplEx
learning_rate: 0.01
out_channels: 15
Epoch: 50

Weight_decay: 5e-05

Dropout: 0.1

-- RESULTS:
Loss: 0.4103493094444275
Accuracy: 0.836855
Precision: 0.7277952901909883
Recall: 0.294375
F1 Score: 0.4191957849018316
MRR: 0.00021138941519893706
