-- HYPERPARAMS:
TimeStamp: 20240624223929
Model: ComplEx
learning_rate: 0.01
out_channels: 15
Epoch: 100

Weight_decay: 5e-05

Dropout: 0.1

-- RESULTS:
Loss: 0.4612293839454651
Accuracy: 0.75749
Precision: 0.8495272759554352
Recall: 0.478475
F1 Score: 0.612163955924451
MRR: 0.00021413674403447658
