-- HYPERPARAMS:
TimeStamp: 20240625153413
Model: ComplEx
learning_rate: 0.01
out_channels: 20
Epoch: 100

Weight_decay: 5e-05

Dropout: 0.1

-- RESULTS:
Loss: 0.6026957631111145
Accuracy: 0.88182
Precision: 0.835021398002853
Recall: 0.878025
F1 Score: 0.8559834267609066
MRR: 0.0002113777445629239
ROC-AUC: 0.8811875
