-- HYPERPARAMS:
TimeStamp: 20240624223627
Model: ComplEx
learning_rate: 0.01
out_channels: 15
Epoch: 100

Weight_decay: 5e-05

Dropout: 0.1

-- RESULTS:
Loss: 0.46825629472732544
Accuracy: 0.75702
Precision: 0.8487163542684552
Recall: 0.4777
F1 Score: 0.6113190645295454
MRR: 0.00023669209622312337
