-- HYPERPARAMS:
TimeStamp: 20240624223611
Model: ComplEx
learning_rate: 0.01
out_channels: 15
Epoch: 100

Weight_decay: 5e-05

Dropout: 0.1

-- RESULTS:
Loss: 0.478474885225296
Accuracy: 0.75666
Precision: 0.8465929203539823
Recall: 0.478325
F1 Score: 0.6112779552715655
MRR: 0.00021382990234997123
