-- HYPERPARAMS:
TimeStamp: 20240624104518
Model: ComplEx
learning_rate: 0.01
out_channels: 15
Epoch: 50

Weight_decay: 5e-05

Dropout: 0.1

-- RESULTS:
Loss: 0.5038601756095886
Accuracy: 0.83597
Precision: 0.7219000616903146
Recall: 0.29255
F1 Score: 0.4163671944493862
MRR: 0.00021818408276885748
