-- HYPERPARAMS:
TimeStamp: 20240625153047
Model: ComplEx
learning_rate: 0.01
out_channels: 20
Epoch: 100

Weight_decay: 5e-05

Dropout: 0.1

-- RESULTS:
Loss: 0.6044202446937561
Accuracy: 0.87863
Precision: 0.8306396107748902
Recall: 0.874975
F1 Score: 0.852231082973154
MRR: 0.00022278542746789753
ROC-AUC: 0.8780208333333334
