-- HYPERPARAMS:
TimeStamp: 20240624221543
Model: ComplEx
learning_rate: 0.01
out_channels: 15
Epoch: 100

Weight_decay: 5e-05

Dropout: 0.1

-- RESULTS:
Loss: 0.45758992433547974
Accuracy: 0.7588
Precision: 0.8513896264825633
Recall: 0.48095
F1 Score: 0.6146718640168701
MRR: 0.00021553820988629013
