-- HYPERPARAMS:
TimeStamp: 20240624223852
Model: ComplEx
learning_rate: 0.01
out_channels: 15
Epoch: 100

Weight_decay: 5e-05

Dropout: 0.1

-- RESULTS:
Loss: 0.45432794094085693
Accuracy: 0.75669
Precision: 0.8487735387080978
Recall: 0.47665
F1 Score: 0.6104734002529497
MRR: 0.00023109879111871123
