-- HYPERPARAMS:
TimeStamp: 20240623165652
Model: ComplEx
learning_rate: 0.0001
out_channels: 15
Epoch: 50

Weight_decay: 5e-05

Dropout: 0.1

-- RESULTS:
Loss: 0.9380505681037903
Accuracy: 0.4894825
Precision: 0.06719978070984645
Recall: 0.3187
F1 Score: 0.11099550288851255
MRR: 1.588902887306176e-05
