-- HYPERPARAMS:
TimeStamp: 20240623180215
Model: DisMult-T+W
learning_rate: 0.0001
out_channels: 10
Epoch: 50

Weight_decay: 0.0005

Dropout: 0.1

-- RESULTS:
Loss: 0.8828046917915344
Accuracy: 0.639435
Precision: 0.0965611742482891
Recall: 0.311825
F1 Score: 0.14745939044286288
MRR: 3.654445390566252e-05
