-- HYPERPARAMS:
TimeStamp: 20240624104520
Model: DisMult-T+W
learning_rate: 0.01
out_channels: 10
Epoch: 50

Weight_decay: 0.0005

Dropout: 0.1

-- RESULTS:
Loss: 0.5620861649513245
Accuracy: 0.809575
Precision: 0.6612224280181849
Recall: 0.098175
F1 Score: 0.1709658460131914
MRR: 0.00021204994118306786
