-- HYPERPARAMS:
TimeStamp: 20240624104230
Model: DisMult-T+W
learning_rate: 0.01
out_channels: 10
Epoch: 50

Weight_decay: 0.0005

Dropout: 0.1

-- RESULTS:
Loss: 0.5650607347488403
Accuracy: 0.809225
Precision: 0.6577732170343766
Recall: 0.09615
F1 Score: 0.1677754269635963
MRR: 0.00019544680253602564
