-- HYPERPARAMS:
TimeStamp: 20240624224150
Model: DisMult-T+W
learning_rate: 0.01
out_channels: 10
Epoch: 100

Weight_decay: 0.0005

Dropout: 0.1

-- RESULTS:
Loss: 0.6152500510215759
Accuracy: 0.67903
Precision: 0.9012897329135777
Recall: 0.221875
F1 Score: 0.35608963428089957
MRR: 0.00025944673689082265
