-- HYPERPARAMS:
TimeStamp: 20240624224007
Model: DisMult-T+W
learning_rate: 0.01
out_channels: 10
Epoch: 100

Weight_decay: 0.0005

Dropout: 0.1

-- RESULTS:
Loss: 0.6233945488929749
Accuracy: 0.67795
Precision: 0.8956451121713531
Recall: 0.220575
F1 Score: 0.35397484503821386
MRR: 0.00025114594609476626
