-- HYPERPARAMS:
TimeStamp: 20240624224109
Model: DisMult-T+W
learning_rate: 0.01
out_channels: 10
Epoch: 100

Weight_decay: 0.0005

Dropout: 0.1

-- RESULTS:
Loss: 0.6216109991073608
Accuracy: 0.67681
Precision: 0.892408296720139
Recall: 0.21835
F1 Score: 0.3508546407696788
MRR: 0.00024506033514626324
