-- HYPERPARAMS:
TimeStamp: 20240624224051
Model: DisMult-T+W
learning_rate: 0.01
out_channels: 10
Epoch: 100

Weight_decay: 0.0005

Dropout: 0.1

-- RESULTS:
Loss: 0.6215158104896545
Accuracy: 0.67604
Precision: 0.8957119067443797
Recall: 0.21515
F1 Score: 0.3469601677148847
MRR: 0.00025781727163121104
