-- HYPERPARAMS:
TimeStamp: 20240624223712
Model: DisMult-T+W
learning_rate: 0.01
out_channels: 10
Epoch: 100

Weight_decay: 0.0005

Dropout: 0.1

-- RESULTS:
Loss: 0.6191017627716064
Accuracy: 0.67732
Precision: 0.8969199178644763
Recall: 0.2184
F1 Score: 0.35126658624849216
MRR: 0.00025650238967500627
