-- HYPERPARAMS:
TimeStamp: 20240624223822
Model: DisMult-T+W
learning_rate: 0.01
out_channels: 10
Epoch: 100

Weight_decay: 0.0005

Dropout: 0.1

-- RESULTS:
Loss: 0.6221126914024353
Accuracy: 0.67655
Precision: 0.8963446204825515
Recall: 0.2164
F1 Score: 0.34863161286424876
MRR: 0.00023293495178222656
