-- HYPERPARAMS:
TimeStamp: 20240624223645
Model: DisMult-T+W
learning_rate: 0.01
out_channels: 10
Epoch: 100

Weight_decay: 0.0005

Dropout: 0.1

-- RESULTS:
Loss: 0.6226040720939636
Accuracy: 0.67702
Precision: 0.8932802287581699
Recall: 0.218675
F1 Score: 0.35134158097686374
MRR: 0.00023950636386871338
