-- HYPERPARAMS:
TimeStamp: 20240624224020
Model: DisMult-T+W
learning_rate: 0.01
out_channels: 10
Epoch: 100

Weight_decay: 0.0005

Dropout: 0.1

-- RESULTS:
Loss: 0.6213309168815613
Accuracy: 0.6764
Precision: 0.8957728968089516
Recall: 0.21615
F1 Score: 0.34826391686135505
MRR: 0.00023936467187013477
