-- HYPERPARAMS:
TimeStamp: 20240624104752
Model: DisMult-T+W
learning_rate: 0.01
out_channels: 10
Epoch: 50

Weight_decay: 0.0005

Dropout: 0.1

-- RESULTS:
Loss: 0.5598606467247009
Accuracy: 0.810475
Precision: 0.6721446179129006
Recall: 0.10225
F1 Score: 0.17749810133449062
MRR: 0.00022433231060858816
