-- HYPERPARAMS:
TimeStamp: 20240624033356
Model: DisMult-T+W
learning_rate: 0.01
out_channels: 10
Epoch: 50

Weight_decay: 0.0005

Dropout: 0.1

-- RESULTS:
Loss: 0.5646910667419434
Accuracy: 0.80931
Precision: 0.6552184061353784
Recall: 0.09825
F1 Score: 0.1708769946519414
MRR: 0.00020595350360963494
