-- HYPERPARAMS:
TimeStamp: 20240623180320
Model: DisMult-T+W
learning_rate: 0.0001
out_channels: 10
Epoch: 50

Weight_decay: 0.0005

Dropout: 0.1

-- RESULTS:
Loss: 0.88288414478302
Accuracy: 0.63933
Precision: 0.09740219624075247
Recall: 0.315325
F1 Score: 0.14883122706408486
MRR: 3.608717452152632e-05
