-- HYPERPARAMS:
TimeStamp: 20240624223754
Model: DisMult-T+W
learning_rate: 0.01
out_channels: 10
Epoch: 100

Weight_decay: 0.0005

Dropout: 0.1

-- RESULTS:
Loss: 0.6196919679641724
Accuracy: 0.67678
Precision: 0.8956916099773242
Recall: 0.21725
F1 Score: 0.3496841173393425
MRR: 0.00025061401538550854
