-- HYPERPARAMS:
TimeStamp: 20240623180018
Model: DisMult-T+W
learning_rate: 0.0001
out_channels: 10
Epoch: 50

Weight_decay: 0.0005

Dropout: 0.1

-- RESULTS:
Loss: 0.8825567960739136
Accuracy: 0.6405475
Precision: 0.09833032735491962
Recall: 0.317575
F1 Score: 0.1501652018181066
MRR: 6.753807974746451e-05
