-- HYPERPARAMS:
TimeStamp: 20240624223946
Model: DisMult-T+W
learning_rate: 0.01
out_channels: 10
Epoch: 100

Weight_decay: 0.0005

Dropout: 0.1

-- RESULTS:
Loss: 0.6172441840171814
Accuracy: 0.67798
Precision: 0.8971277245874923
Recall: 0.2202
F1 Score: 0.353607129953029
MRR: 0.00025460842880420387
