-- HYPERPARAMS:
TimeStamp: 20240623175926
Model: DisMult-T+W
learning_rate: 0.0001
out_channels: 10
Epoch: 50

Weight_decay: 0.0005

Dropout: 0.1

-- RESULTS:
Loss: 0.8826044797897339
Accuracy: 0.63992
Precision: 0.0975738070186297
Recall: 0.3153
F1 Score: 0.1490286902679964
MRR: 4.612429256667383e-05
