-- HYPERPARAMS:
TimeStamp: 20240624221610
Model: DisMult-T+W
learning_rate: 0.01
out_channels: 10
Epoch: 100

Weight_decay: 0.0005

Dropout: 0.1

-- RESULTS:
Loss: 0.6193745732307434
Accuracy: 0.67674
Precision: 0.8934577522559475
Recall: 0.217825
F1 Score: 0.3502572760894035
MRR: 0.00024792770273052156
