-- HYPERPARAMS:
TimeStamp: 20240625153625
Model: DisMult-T+W
learning_rate: 0.01
out_channels: 25
Epoch: 100

Weight_decay: 0.0005

Dropout: 0.1

-- RESULTS:
Loss: 0.6165448427200317
Accuracy: 0.87705
Precision: 0.8331449460089945
Recall: 0.866075
F1 Score: 0.8492908888098945
MRR: 0.0002520382695365697
ROC-AUC: 0.8752208333333332
