-- HYPERPARAMS:
TimeStamp: 20240624104554
Model: DisMult-T+W
learning_rate: 0.01
out_channels: 10
Epoch: 50

Weight_decay: 0.0005

Dropout: 0.1

-- RESULTS:
Loss: 0.5627037882804871
Accuracy: 0.80981
Precision: 0.6657094594594595
Recall: 0.098525
F1 Score: 0.17164634146341465
MRR: 0.0002099448611261323
