-- HYPERPARAMS:
TimeStamp: 20240624224129
Model: DisMult
learning_rate: 0.01
out_channels: 10
Epoch: 100

Weight_decay: 0.0005

Dropout: 0.1

-- RESULTS:
Loss: 0.4564814567565918
Accuracy: 0.76798
Precision: 0.8422575387123065
Recall: 0.516725
F1 Score: 0.6405020142547257
MRR: 0.0002262893394799903
