-- HYPERPARAMS:
TimeStamp: 20240625130040
Model: DisMult
learning_rate: 0.01
out_channels: 10
Epoch: 100

Weight_decay: 0.0005

Dropout: 0.1

-- RESULTS:
Loss: 0.35348111391067505
Accuracy: 0.8455
Precision: 0.8314350797266514
Recall: 0.6083333333333333
F1 Score: 0.7025986525505293
MRR: 0.010637683793902397
ROC-AUC: 0.7777380952380953
