-- HYPERPARAMS:
TimeStamp: 20240624104750
Model: DisMult
learning_rate: 0.01
out_channels: 10
Epoch: 50

Weight_decay: 0.0005

Dropout: 0.1

-- RESULTS:
Loss: 0.4032489061355591
Accuracy: 0.840645
Precision: 0.7356368485129573
Recall: 0.317225
F1 Score: 0.44329158587922934
MRR: 0.000231289814109914
