-- HYPERPARAMS:
TimeStamp: 20240624033400
Model: DisMult
learning_rate: 0.01
out_channels: 10
Epoch: 50

Weight_decay: 0.0005

Dropout: 0.1

-- RESULTS:
Loss: 0.45132976770401
Accuracy: 0.83953
Precision: 0.7290531927222158
Recall: 0.31455
F1 Score: 0.43948443885570576
MRR: 0.00022109178826212883
