-- HYPERPARAMS:
TimeStamp: 20240624104228
Model: DisMult
learning_rate: 0.01
out_channels: 10
Epoch: 50

Weight_decay: 0.0005

Dropout: 0.1

-- RESULTS:
Loss: 0.4567813277244568
Accuracy: 0.839585
Precision: 0.728828255968553
Recall: 0.3152
F1 Score: 0.4400774882633205
MRR: 0.0002200170565629378
