-- HYPERPARAMS:
TimeStamp: 20240623175928
Model: DisMult
learning_rate: 0.0001
out_channels: 10
Epoch: 50

Weight_decay: 0.0005

Dropout: 0.1

-- RESULTS:
Loss: 0.9532110691070557
Accuracy: 0.46621
Precision: 0.08258116664421393
Recall: 0.4291
F1 Score: 0.13850647988250675
MRR: 1.6287640391965397e-05
