-- HYPERPARAMS:
TimeStamp: 20240624104259
Model: DisMult
learning_rate: 0.01
out_channels: 10
Epoch: 50

Weight_decay: 0.0005

Dropout: 0.1

-- RESULTS:
Loss: 0.40740805864334106
Accuracy: 0.84051
Precision: 0.7342160037002775
Recall: 0.317475
F1 Score: 0.44327701759285115
MRR: 0.00022679615358356386
