-- HYPERPARAMS:
TimeStamp: 20240624104554
Model: DisMult
learning_rate: 0.01
out_channels: 10
Epoch: 50

Weight_decay: 0.0005

Dropout: 0.1

-- RESULTS:
Loss: 0.4135119915008545
Accuracy: 0.839405
Precision: 0.7286070661948135
Recall: 0.313975
F1 Score: 0.4388420077921624
MRR: 0.00019899489416275173
