-- HYPERPARAMS:
TimeStamp: 20240625153527
Model: DisMult
learning_rate: 0.01
out_channels: 25
Epoch: 100

Weight_decay: 0.0005

Dropout: 0.1

-- RESULTS:
Loss: 0.4783840477466583
Accuracy: 0.7551
Precision: 0.8474773725244198
Recall: 0.47285
F1 Score: 0.6070156295131423
MRR: 0.0002192544925492257
ROC-AUC: 0.7080583333333333
