-- HYPERPARAMS:
TimeStamp: 20240625131557
Model: DisMult
learning_rate: 0.01
out_channels: 20
Epoch: 100

Weight_decay: 0.0005

Dropout: 0.1

-- RESULTS:
Loss: 0.3097608685493469
Accuracy: 0.8725
Precision: 0.8484848484848485
Recall: 0.7
F1 Score: 0.7671232876712328
MRR: 0.011002788320183754
ROC-AUC: 0.8232142857142857
