-- HYPERPARAMS:
TimeStamp: 20240624223643
Model: DisMult
learning_rate: 0.01
out_channels: 10
Epoch: 100

Weight_decay: 0.0005

Dropout: 0.1

-- RESULTS:
Loss: 0.46734297275543213
Accuracy: 0.76612
Precision: 0.8399639816633923
Recall: 0.51305
F1 Score: 0.637012664514527
MRR: 0.0002260353066958487
