-- HYPERPARAMS:
TimeStamp: 20240624223753
Model: DisMult
learning_rate: 0.01
out_channels: 10
Epoch: 100

Weight_decay: 0.0005

Dropout: 0.1

-- RESULTS:
Loss: 0.46064889430999756
Accuracy: 0.76823
Precision: 0.8424180744962345
Recall: 0.51735
F1 Score: 0.6410284209711145
MRR: 0.00020591712382156402
