-- HYPERPARAMS:
TimeStamp: 20240624104137
Model: DisMult
learning_rate: 0.01
out_channels: 10
Epoch: 50

Weight_decay: 0.0005

Dropout: 0.1

-- RESULTS:
Loss: 0.41443678736686707
Accuracy: 0.839545
Precision: 0.7269440459110473
Recall: 0.316675
F1 Score: 0.44116673922507615
MRR: 0.0002104823652189225
