-- HYPERPARAMS:
TimeStamp: 20240624223820
Model: DisMult
learning_rate: 0.01
out_channels: 10
Epoch: 100

Weight_decay: 0.0005

Dropout: 0.1

-- RESULTS:
Loss: 0.4573761224746704
Accuracy: 0.7657
Precision: 0.8394657051544702
Recall: 0.5122
F1 Score: 0.6362140173275782
MRR: 0.0002026772272074595
