-- HYPERPARAMS:
TimeStamp: 20240624223836
Model: DisMult
learning_rate: 0.01
out_channels: 10
Epoch: 100

Weight_decay: 0.0005

Dropout: 0.1

-- RESULTS:
Loss: 0.45634725689888
Accuracy: 0.7665
Precision: 0.8399346672111065
Recall: 0.51425
F1 Score: 0.6379283609861994
MRR: 0.00023218634305521846
