-- HYPERPARAMS:
TimeStamp: 20240623165250
Model: DisMult
learning_rate: 0.0001
out_channels: 10
Epoch: 50

Weight_decay: 0.0005

Dropout: 0.1

-- RESULTS:
Loss: 0.9526615738868713
Accuracy: 0.46687
Precision: 0.08262587328354613
Recall: 0.428725
F1 Score: 0.138549787921632
MRR: 1.6841971955727786e-05
