-- HYPERPARAMS:
TimeStamp: 20240625131448
Model: DisMult
learning_rate: 0.01
out_channels: 20
Epoch: 100

Weight_decay: 0.0005

Dropout: 0.1

-- RESULTS:
Loss: 0.32609471678733826
Accuracy: 0.872
Precision: 0.8333333333333334
Recall: 0.7166666666666667
F1 Score: 0.7706093189964157
MRR: 0.011056274175643921
ROC-AUC: 0.8276190476190477
