-- HYPERPARAMS:
TimeStamp: 20240624224005
Model: DisMult
learning_rate: 0.01
out_channels: 10
Epoch: 100

Weight_decay: 0.0005

Dropout: 0.1

-- RESULTS:
Loss: 0.45465290546417236
Accuracy: 0.76441
Precision: 0.8403229145104533
Recall: 0.50745
F1 Score: 0.6327799859714753
MRR: 0.000229621262405999
