-- HYPERPARAMS:
TimeStamp: 20240624224108
Model: DisMult
learning_rate: 0.01
out_channels: 10
Epoch: 100

Weight_decay: 0.0005

Dropout: 0.1

-- RESULTS:
Loss: 0.4531369209289551
Accuracy: 0.76725
Precision: 0.8417868966362856
Recall: 0.5149
F1 Score: 0.6389625699970528
MRR: 0.00023098025121726096
