-- HYPERPARAMS:
TimeStamp: 20240624223945
Model: DisMult
learning_rate: 0.01
out_channels: 10
Epoch: 100

Weight_decay: 0.0005

Dropout: 0.1

-- RESULTS:
Loss: 0.45348066091537476
Accuracy: 0.76554
Precision: 0.8398341271144687
Recall: 0.511375
F1 Score: 0.6356827646217914
MRR: 0.00021863103029318154
