-- HYPERPARAMS:
TimeStamp: 20240624104519
Model: DisMult
learning_rate: 0.01
out_channels: 10
Epoch: 50

Weight_decay: 0.0005

Dropout: 0.1

-- RESULTS:
Loss: 0.4500991404056549
Accuracy: 0.840185
Precision: 0.7323772624761464
Recall: 0.316625
F1 Score: 0.44211334718028383
MRR: 0.00022348137281369418
