-- HYPERPARAMS:
TimeStamp: 20240624223851
Model: DisMult
learning_rate: 0.01
out_channels: 10
Epoch: 100

Weight_decay: 0.0005

Dropout: 0.1

-- RESULTS:
Loss: 0.459704726934433
Accuracy: 0.76643
Precision: 0.8409752099979513
Recall: 0.5131
F1 Score: 0.6373418212871671
MRR: 0.00023142094141803682
