-- HYPERPARAMS:
TimeStamp: 20240623180052
Model: DisMult
learning_rate: 0.0001
out_channels: 10
Epoch: 50

Weight_decay: 0.0005

Dropout: 0.1

-- RESULTS:
Loss: 0.9531413316726685
Accuracy: 0.465955
Precision: 0.08229157644522717
Recall: 0.42755
F1 Score: 0.13801841644406068
MRR: 3.1937393941916525e-05
