-- HYPERPARAMS:
TimeStamp: 20240624223627
Model: DisMult
learning_rate: 0.01
out_channels: 10
Epoch: 100

Weight_decay: 0.0005

Dropout: 0.1

-- RESULTS:
Loss: 0.4586156904697418
Accuracy: 0.7662
Precision: 0.8411330049261084
Recall: 0.51225
F1 Score: 0.6367308887507769
MRR: 0.00021664013911504298
