-- HYPERPARAMS:
TimeStamp: 20240624223455
Model: DisMult
learning_rate: 0.01
out_channels: 10
Epoch: 100

Weight_decay: 0.0005

Dropout: 0.1

-- RESULTS:
Loss: 0.4557853937149048
Accuracy: 0.7658
Precision: 0.8378158109209454
Recall: 0.514
F1 Score: 0.6371242640223118
MRR: 0.00021655428281519562
