-- HYPERPARAMS:
TimeStamp: 20240625131639
Model: DisMult-T
learning_rate: 0.01
out_channels: 20
Epoch: 100

Weight_decay: 0.0005

Dropout: 0.1

-- RESULTS:
Loss: 0.642713189125061
Accuracy: 0.881
Precision: 0.7734138972809668
Recall: 0.8533333333333334
F1 Score: 0.8114104595879557
MRR: 0.009065767750144005
ROC-AUC: 0.8730952380952383
