-- HYPERPARAMS:
TimeStamp: 20240624104102
Model: DisMult-T
learning_rate: 0.01
out_channels: 10
Epoch: 50

Weight_decay: 0.0005

Dropout: 0.1

-- RESULTS:
Loss: 0.5878122448921204
Accuracy: 0.822505
Precision: 0.6789092932665554
Recall: 0.2135
F1 Score: 0.32484451967515543
MRR: 0.00019854481797665358
