-- HYPERPARAMS:
TimeStamp: 20240624104252
Model: DisMult-T
learning_rate: 0.01
out_channels: 10
Epoch: 50

Weight_decay: 0.0005

Dropout: 0.1

-- RESULTS:
Loss: 0.5807830691337585
Accuracy: 0.82384
Precision: 0.6908726981585268
Recall: 0.215725
F1 Score: 0.328786435511526
MRR: 0.00021527090575546026
