-- HYPERPARAMS:
TimeStamp: 20240624224008
Model: DisMult-T
learning_rate: 0.01
out_channels: 10
Epoch: 100

Weight_decay: 0.0005

Dropout: 0.1

-- RESULTS:
Loss: 0.6103043556213379
Accuracy: 0.69095
Precision: 0.8917219398742355
Recall: 0.2588
F1 Score: 0.4011703385068496
MRR: 0.0002538600820116699
