-- HYPERPARAMS:
TimeStamp: 20240625135631
Model: DisMult-T
learning_rate: 0.01
out_channels: 25
Epoch: 100

Weight_decay: 0.0005

Dropout: 0.1

-- RESULTS:
Loss: 0.6062291264533997
Accuracy: 0.8802
Precision: 0.8334761496715224
Recall: 0.8754
F1 Score: 0.8539238160269229
MRR: 0.000243354108533822
ROC-AUC: 0.8793999999999998
