-- HYPERPARAMS:
TimeStamp: 20240624104751
Model: DisMult-T
learning_rate: 0.01
out_channels: 10
Epoch: 50

Weight_decay: 0.0005

Dropout: 0.1

-- RESULTS:
Loss: 0.585378885269165
Accuracy: 0.82278
Precision: 0.6833843181452263
Recall: 0.212225
F1 Score: 0.3238716569379268
MRR: 0.00021211661805864424
