-- HYPERPARAMS:
TimeStamp: 20240624104223
Model: DisMult-T
learning_rate: 0.01
out_channels: 10
Epoch: 50

Weight_decay: 0.0005

Dropout: 0.1

-- RESULTS:
Loss: 0.5867651700973511
Accuracy: 0.823255
Precision: 0.6839357747370086
Recall: 0.216175
F1 Score: 0.3285147123074293
MRR: 0.0002137961855623871
