-- HYPERPARAMS:
TimeStamp: 20240623180058
Model: DisMult-T
learning_rate: 0.0001
out_channels: 10
Epoch: 50

Weight_decay: 0.0005

Dropout: 0.1

-- RESULTS:
Loss: 0.8881144523620605
Accuracy: 0.621585
Precision: 0.06069332239333502
Recall: 0.192325
F1 Score: 0.09226875839570141
MRR: 2.0534818759188056e-05
