-- HYPERPARAMS:
TimeStamp: 20240625153441
Model: DisMult-T
learning_rate: 0.01
out_channels: 25
Epoch: 100

Weight_decay: 0.0005

Dropout: 0.1

-- RESULTS:
Loss: 0.6061565279960632
Accuracy: 0.88042
Precision: 0.8337220926357881
Recall: 0.8757
F1 Score: 0.8541956251371717
MRR: 0.0002588935603853315
ROC-AUC: 0.8796333333333334
