-- HYPERPARAMS:
TimeStamp: 20240624223630
Model: DisMult-T
learning_rate: 0.01
out_channels: 10
Epoch: 100

Weight_decay: 0.0005

Dropout: 0.1

-- RESULTS:
Loss: 0.6095026731491089
Accuracy: 0.69158
Precision: 0.8923736075407026
Recall: 0.26035
F1 Score: 0.40309657441455393
MRR: 0.00025372530217282474
