-- HYPERPARAMS:
TimeStamp: 20240623180318
Model: DisMult-T
learning_rate: 0.0001
out_channels: 10
Epoch: 50

Weight_decay: 0.0005

Dropout: 0.1

-- RESULTS:
Loss: 0.8890125155448914
Accuracy: 0.6205875
Precision: 0.05969255497687465
Recall: 0.1894
F1 Score: 0.09077565496624071
MRR: 1.462434829591075e-05
