-- HYPERPARAMS:
TimeStamp: 20240624221531
Model: DisMult-T
learning_rate: 0.01
out_channels: 10
Epoch: 100

Weight_decay: 0.0005

Dropout: 0.1

-- RESULTS:
Loss: 0.6104689240455627
Accuracy: 0.69081
Precision: 0.8924034223489758
Recall: 0.25815
F1 Score: 0.4004576215314809
MRR: 0.000247095653321594
