-- HYPERPARAMS:
TimeStamp: 20240625131225
Model: DisMult-T
learning_rate: 0.01
out_channels: 10
Epoch: 100

Weight_decay: 0.0005

Dropout: 0.1

-- RESULTS:
Loss: 0.6443145275115967
Accuracy: 0.876
Precision: 0.7642642642642643
Recall: 0.8483333333333334
F1 Score: 0.8041074249605055
MRR: 0.010736476629972458
ROC-AUC: 0.8680952380952381
