-- HYPERPARAMS:
TimeStamp: 20240624223947
Model: DisMult-T
learning_rate: 0.01
out_channels: 10
Epoch: 100

Weight_decay: 0.0005

Dropout: 0.1

-- RESULTS:
Loss: 0.6047375798225403
Accuracy: 0.69053
Precision: 0.8954311173233162
Recall: 0.25625
F1 Score: 0.39846832662740295
MRR: 0.00026233759126625955
