-- HYPERPARAMS:
TimeStamp: 20240624223854
Model: DisMult-T
learning_rate: 0.01
out_channels: 10
Epoch: 100

Weight_decay: 0.0005

Dropout: 0.1

-- RESULTS:
Loss: 0.6181249022483826
Accuracy: 0.69079
Precision: 0.8964282595406514
Recall: 0.256625
F1 Score: 0.3990204272025811
MRR: 0.00022923151846043766
