-- HYPERPARAMS:
TimeStamp: 20240625153543
Model: DisMult-T
learning_rate: 0.01
out_channels: 25
Epoch: 100

Weight_decay: 0.0005

Dropout: 0.1

-- RESULTS:
Loss: 0.6059474349021912
Accuracy: 0.88049
Precision: 0.8343863999427767
Recall: 0.874875
F1 Score: 0.8541511575401813
MRR: 0.0002463117998559028
ROC-AUC: 0.8795541666666665
