-- HYPERPARAMS:
TimeStamp: 20240624104519
Model: DisMult-T
learning_rate: 0.01
out_channels: 10
Epoch: 50

Weight_decay: 0.0005

Dropout: 0.1

-- RESULTS:
Loss: 0.5884639024734497
Accuracy: 0.823325
Precision: 0.6853396901072706
Recall: 0.215625
F1 Score: 0.3280403156793763
MRR: 0.00018638215260580182
