-- HYPERPARAMS:
TimeStamp: 20240624224110
Model: DisMult-T
learning_rate: 0.01
out_channels: 10
Epoch: 100

Weight_decay: 0.0005

Dropout: 0.1

-- RESULTS:
Loss: 0.6123247742652893
Accuracy: 0.68978
Precision: 0.8859845227858986
Recall: 0.2576
F1 Score: 0.3991477822971141
MRR: 0.00025895723956637084
