-- HYPERPARAMS:
TimeStamp: 20240624223646
Model: DisMult-T
learning_rate: 0.01
out_channels: 10
Epoch: 100

Weight_decay: 0.0005

Dropout: 0.1

-- RESULTS:
Loss: 0.6117280721664429
Accuracy: 0.69106
Precision: 0.8970870399441828
Recall: 0.25715
F1 Score: 0.3997202036295807
MRR: 0.0002499932888895273
