-- HYPERPARAMS:
TimeStamp: 20240624104813
Model: DisMult-T
learning_rate: 0.01
out_channels: 10
Epoch: 50

Weight_decay: 0.0005

Dropout: 0.1

-- RESULTS:
Loss: 0.5786189436912537
Accuracy: 0.823065
Precision: 0.6853056961516831
Recall: 0.21325
F1 Score: 0.3252807596240013
MRR: 0.00021627538080792874
