-- HYPERPARAMS:
TimeStamp: 20240623175932
Model: DisMult-T
learning_rate: 0.0001
out_channels: 10
Epoch: 50

Weight_decay: 0.0005

Dropout: 0.1

-- RESULTS:
Loss: 0.8884936571121216
Accuracy: 0.61989
Precision: 0.05928443311620882
Recall: 0.1884
F1 Score: 0.0901888508580866
MRR: 1.9501087081152946e-05
