-- HYPERPARAMS:
TimeStamp: 20240624223824
Model: DisMult-T
learning_rate: 0.01
out_channels: 10
Epoch: 100

Weight_decay: 0.0005

Dropout: 0.1

-- RESULTS:
Loss: 0.613264799118042
Accuracy: 0.69088
Precision: 0.8921974797168997
Recall: 0.258425
F1 Score: 0.4007676501376342
MRR: 0.00022636786161456257
