-- HYPERPARAMS:
TimeStamp: 20240624224021
Model: DisMult-T
learning_rate: 0.01
out_channels: 10
Epoch: 100

Weight_decay: 0.0005

Dropout: 0.1

-- RESULTS:
Loss: 0.613772988319397
Accuracy: 0.6917
Precision: 0.8893512228260869
Recall: 0.261825
F1 Score: 0.4045503708281829
MRR: 0.0002429774758638814
