-- HYPERPARAMS:
TimeStamp: 20240624033342
Model: DisMult-T
learning_rate: 0.01
out_channels: 10
Epoch: 50

Weight_decay: 0.0005

Dropout: 0.1

-- RESULTS:
Loss: 0.578240692615509
Accuracy: 0.823745
Precision: 0.6894598260592038
Recall: 0.216025
F1 Score: 0.3289741686178212
MRR: 0.00021029946219641715
